74.52  0.00   -602841.316744
74.61  0.00   -602841.563237
75.13  0.00   -602841.095673
75.43  0.00   -602841.660823
76.61  0.00   -602841.109591
77.08  0.00   -602841.522812
79.20  0.00   -602841.477454
79.73  0.00   -602841.150997
83.03  0.00   -602842.167931
83.52  0.00   -602840.620871
88.07  0.00   -602843.061071
88.60  0.00   -602840.053052
94.21  0.00   -602844.037645
94.81  0.00   -602839.529142
101.31 0.00   -602844.992934
101.86 0.00   -602839.130554
109.13 0.00   -602845.836591
109.40 0.00   -602838.923191
117.20 0.00   -602839.071220
117.37 0.00   -602846.524821
125.08 0.00   -602839.797279
125.53 0.00   -602847.055778
132.80 0.00   -602841.237409
133.10 0.00   -602847.420949
139.77 0.00   -602847.608122
139.97 0.00   -602843.297582
145.49 0.00   -602847.667011
146.19 0.00   -602845.547362
150.33 0.00   -602847.709308
151.32 0.00   -602847.534748
154.31 0.00   -602847.899973
155.26 0.00   -602848.886298
157.31 0.00   -602848.334409
157.96 0.00   -602849.486892
159.04 0.00   -602848.930512
159.27 0.00   -602849.421913
73.24  10.00  -602841.310949
73.49  10.00  -602841.418847
73.72  10.00  -602840.890554
74.45  10.00  -602841.367455
75.04  10.00  -602840.099773
76.18  10.00  -602841.383735
77.34  10.00  -602838.975675
78.89  10.00  -602841.658869
80.95  10.00  -602837.688674
82.77  10.00  -602842.237624
86.22  10.00  -602836.524944
87.84  10.00  -602843.038320
93.14  10.00  -602835.769551
93.99  10.00  -602843.955202
101.11 10.00  -602844.884784
101.14 10.00  -602835.496237
108.96 10.00  -602845.733486
109.42 10.00  -602835.633791
117.24 10.00  -602846.452622
117.63 10.00  -602836.221303
125.44 10.00  -602847.035649
125.66 10.00  -602837.420384
133.04 10.00  -602847.468933
133.37 10.00  -602839.328198
139.72 10.00  -602847.734766
140.41 10.00  -602841.819619
145.41 10.00  -602847.875597
146.45 10.00  -602844.457728
150.16 10.00  -602847.995966
151.37 10.00  -602846.774047
154.00 10.00  -602848.233974
155.10 10.00  -602848.428713
156.83 10.00  -602848.645252
157.61 10.00  -602849.295034
158.48 10.00  -602849.140448
158.76 10.00  -602849.457243
72.18  20.00  -602841.539455
72.43  20.00  -602840.657780
72.62  20.00  -602841.969897
73.40  20.00  -602839.262173
73.77  20.00  -602842.091481
75.25  20.00  -602837.372793
75.70  20.00  -602842.127532
78.35  20.00  -602835.148473
78.55  20.00  -602842.311394
82.49  20.00  -602842.768992
83.37  20.00  -602833.002360
87.58  20.00  -602843.471733
90.81  20.00  -602831.564409
93.75  20.00  -602844.327125
100.17 20.00  -602831.224570
100.87 20.00  -602845.227082
108.72 20.00  -602846.069598
109.69 20.00  -602831.756132
117.01 20.00  -602846.799392
118.47 20.00  -602832.881284
125.21 20.00  -602847.404659
126.63 20.00  -602834.614798
132.79 20.00  -602847.865239
134.24 20.00  -602837.008766
139.41 20.00  -602848.150428
141.06 20.00  -602839.905060
144.99 20.00  -602848.276680
146.86 20.00  -602842.870553
149.56 20.00  -602848.338266
151.51 20.00  -602845.453250
153.21 20.00  -602848.430699
154.95 20.00  -602847.343778
155.92 20.00  -602848.616746
157.15 20.00  -602848.449741
157.58 20.00  -602848.830900
158.03 20.00  -602848.868322
71.86  30.00  -602842.600014
72.05  30.00  -602841.426362
72.27  30.00  -602843.236377
72.81  30.00  -602839.634607
73.40  30.00  -602843.463213
74.15  30.00  -602837.177917
75.35  30.00  -602843.485921
76.30  30.00  -602834.071205
78.25  30.00  -602843.560851
80.11  30.00  -602830.620255
82.24  30.00  -602843.873951
87.18  30.00  -602827.766533
87.34  30.00  -602844.458571
93.51  30.00  -602845.236700
97.99  30.00  -602826.618349
100.61 30.00  -602846.089749
108.44 30.00  -602846.901356
109.90 30.00  -602827.386890
116.69 30.00  -602847.604152
119.67 30.00  -602829.118677
124.82 30.00  -602848.174827
127.95 30.00  -602831.440099
132.31 30.00  -602848.579405
135.37 30.00  -602834.325538
138.80 30.00  -602848.770093
141.89 30.00  -602837.588198
144.21 30.00  -602848.741892
147.37 30.00  -602840.805476
148.63 30.00  -602848.562416
151.69 30.00  -602843.565637
152.14 30.00  -602848.332767
154.76 30.00  -602848.115410
154.78 30.00  -602845.609392
156.46 30.00  -602847.905699
156.61 30.00  -602846.897959
157.14 30.00  -602847.580742
72.62  40.00  -602844.355183
72.77  40.00  -602845.085998
73.06  40.00  -602843.095703
73.64  40.00  -602845.371814
74.01  40.00  -602841.242680
75.39  40.00  -602838.717663
75.39  40.00  -602845.381404
77.17  40.00  -602835.443062
78.16  40.00  -602845.351970
79.42  40.00  -602831.375870
82.09  40.00  -602845.507826
82.34  40.00  -602826.592010
87.18  40.00  -602845.950273
92.07  40.00  -602822.677202
93.33  40.00  -602846.627149
100.40 40.00  -602847.408915
108.19 40.00  -602848.161185
108.95 40.00  -602822.846290
116.36 40.00  -602848.799898
120.98 40.00  -602825.070779
124.39 40.00  -602849.283623
129.47 40.00  -602827.953931
131.73 40.00  -602849.560290
136.67 40.00  -602831.295384
138.09 40.00  -602849.558985
142.86 40.00  -602834.867294
143.37 40.00  -602849.264065
147.63 40.00  -602848.734001
147.98 40.00  -602838.257286
150.99 40.00  -602848.052537
151.91 40.00  -602841.102603
153.53 40.00  -602847.300472
154.57 40.00  -602843.217704
155.25 40.00  -602846.516949
155.94 40.00  -602844.665914
156.10 40.00  -602845.683136
73.90  50.00  -602846.955967
74.14  50.00  -602846.215222
74.39  50.00  -602847.308899
75.02  50.00  -602845.038326
75.81  50.00  -602847.367762
76.46  50.00  -602843.376092
78.33  50.00  -602847.303084
78.44  50.00  -602841.156449
80.99  50.00  -602838.313751
82.12  50.00  -602847.333056
84.29  50.00  -602834.840759
87.14  50.00  -602847.618496
88.72  50.00  -602830.913272
93.25  50.00  -602848.164310
94.99  50.00  -602826.896686
100.30 50.00  -602848.848914
103.29 50.00  -602823.178289
108.04 50.00  -602849.525237
116.16 50.00  -602850.094284
121.60 50.00  -602821.264473
124.12 50.00  -602850.497398
130.79 50.00  -602824.356702
131.37 50.00  -602850.658010
137.60 50.00  -602850.481915
137.90 50.00  -602828.020720
142.73 50.00  -602849.926164
143.79 50.00  -602831.798849
146.84 50.00  -602849.031678
148.55 50.00  -602835.273653
150.03 50.00  -602847.875295
152.05 50.00  -602838.128878
152.43 50.00  -602846.528900
154.09 50.00  -602845.075636
154.23 50.00  -602840.311332
155.00 50.00  -602843.560677
155.13 50.00  -602842.020404
75.07  60.00  -602848.444727
75.18  60.00  -602848.820848
75.75  60.00  -602847.777995
76.28  60.00  -602848.923385
77.11  60.00  -602846.814828
78.57  60.00  -602848.837463
79.13  60.00  -602845.522527
81.81  60.00  -602843.831101
82.21  60.00  -602848.759215
85.24  60.00  -602841.677798
87.17  60.00  -602848.901653
89.64  60.00  -602839.079878
93.26  60.00  -602849.325894
95.15  60.00  -602836.181638
100.29 60.00  -602849.924529
101.66 60.00  -602833.171724
108.03 60.00  -602850.542666
108.62 60.00  -602830.183636
115.31 60.00  -602827.284843
116.14 60.00  -602851.072727
121.23 60.00  -602824.497432
124.12 60.00  -602851.451842
131.39 60.00  -602851.594314
137.59 60.00  -602851.374828
138.57 60.00  -602824.956746
142.61 60.00  -602850.707850
144.40 60.00  -602828.744962
146.54 60.00  -602849.594858
148.88 60.00  -602832.216791
149.54 60.00  -602848.080962
151.72 60.00  -602846.241182
152.00 60.00  -602835.111014
153.19 60.00  -602844.160942
153.73 60.00  -602837.505699
154.04 60.00  -602841.938769
154.28 60.00  -602839.712041
75.63  70.00  -602849.764125
75.83  70.00  -602849.460763
76.52  70.00  -602849.781703
76.92  70.00  -602848.929364
78.70  70.00  -602849.575834
78.77  70.00  -602848.232181
81.30  70.00  -602847.366531
82.30  70.00  -602849.381302
84.56  70.00  -602846.281533
87.25  70.00  -602849.444969
88.56  70.00  -602844.886518
93.31  70.00  -602843.131937
93.33  70.00  -602849.820922
98.74  70.00  -602841.039188
100.36 70.00  -602850.390672
104.60 70.00  -602838.694001
108.10 70.00  -602850.993847
110.63 70.00  -602836.225812
116.22 70.00  -602851.521203
116.58 70.00  -602833.773158
122.17 70.00  -602831.396277
124.25 70.00  -602851.914486
126.97 70.00  -602828.952824
130.43 70.00  -602826.374172
131.64 70.00  -602852.104853
137.96 70.00  -602851.975584
143.05 70.00  -602851.410355
146.95 70.00  -602850.343237
148.88 70.00  -602830.424864
149.79 70.00  -602848.779695
151.71 70.00  -602846.740511
151.93 70.00  -602833.422804
152.88 70.00  -602844.291706
153.44 70.00  -602836.119728
153.50 70.00  -602841.564957
153.74 70.00  -602838.783927
75.73  80.00  -602850.084427
76.08  80.00  -602850.020141
76.56  80.00  -602849.855028
77.44  80.00  -602849.708094
78.76  80.00  -602849.474473
79.69  80.00  -602849.275887
82.39  80.00  -602849.226033
82.70  80.00  -602848.800050
86.39  80.00  -602848.255126
87.35  80.00  -602849.313121
90.72  80.00  -602847.544646
93.43  80.00  -602849.723166
95.55  80.00  -602846.524766
100.46 80.00  -602850.316798
100.71 80.00  -602845.112435
106.11 80.00  -602843.336208
108.20 80.00  -602850.939313
111.65 80.00  -602841.319187
116.34 80.00  -602851.486903
117.22 80.00  -602839.205351
122.65 80.00  -602837.052962
124.39 80.00  -602851.907249
127.67 80.00  -602834.774762
131.86 80.00  -602852.143122
132.12 80.00  -602832.494674
136.07 80.00  -602830.927991
138.37 80.00  -602852.120160
143.72 80.00  -602851.752878
147.82 80.00  -602850.960926
150.77 80.00  -602849.696988
151.67 80.00  -602834.530433
152.66 80.00  -602847.922675
153.48 80.00  -602837.321143
153.58 80.00  -602845.632132
153.82 80.00  -602840.050868
153.82 80.00  -602842.917571
75.65  90.00  -602849.727391
76.01  90.00  -602850.042993
76.55  90.00  -602849.225000
77.47  90.00  -602850.108290
78.81  90.00  -602848.762025
79.91  90.00  -602850.011044
82.49  90.00  -602848.581642
83.25  90.00  -602849.875932
87.32  90.00  -602849.751125
87.46  90.00  -602848.767756
91.88  90.00  -602849.555906
93.53  90.00  -602849.246602
96.75  90.00  -602849.113749
100.56 90.00  -602849.882074
101.78 90.00  -602848.274386
106.92 90.00  -602846.997062
108.30 90.00  -602850.535178
112.19 90.00  -602845.347872
116.45 90.00  -602851.113839
117.58 90.00  -602843.454597
122.97 90.00  -602841.368350
124.51 90.00  -602851.563776
128.35 90.00  -602839.194359
132.01 90.00  -602851.830983
133.66 90.00  -602837.290854
138.62 90.00  -602851.865954
138.99 90.00  -602836.494994
144.22 90.00  -602851.646458
145.05 90.00  -602837.523657
148.70 90.00  -602851.151569
151.76 90.00  -602840.441894
152.00 90.00  -602850.343194
154.16 90.00  -602849.164519
154.20 90.00  -602843.154957
155.22 90.00  -602847.565463
155.23 90.00  -602845.542233
75.57  100.00 -602848.835335
75.85  100.00 -602849.485171
76.56  100.00 -602848.213017
77.27  100.00 -602850.008538
78.90  100.00 -602847.818649
79.74  100.00 -602850.370395
82.60  100.00 -602847.771437
83.20  100.00 -602850.634277
87.46  100.00 -602850.864336
87.56  100.00 -602848.060924
92.23  100.00 -602851.036132
93.62  100.00 -602848.604737
97.23  100.00 -602851.004558
100.65 100.00 -602849.283868
102.24 100.00 -602850.574891
107.26 100.00 -602849.644431
108.39 100.00 -602849.968165
112.40 100.00 -602848.227990
116.54 100.00 -602850.566540
117.73 100.00 -602846.419310
123.32 100.00 -602844.383171
124.62 100.00 -602851.031255
129.17 100.00 -602842.392693
132.12 100.00 -602851.320073
135.18 100.00 -602841.038414
138.76 100.00 -602851.384596
141.23 100.00 -602840.932690
144.47 100.00 -602851.226592
147.21 100.00 -602842.249720
149.23 100.00 -602850.910061
152.30 100.00 -602844.393810
152.95 100.00 -602850.470716
155.52 100.00 -602846.415493
155.53 100.00 -602849.886819
156.92 100.00 -602849.090366
156.98 100.00 -602847.974687
75.56  110.00 -602847.811823
75.74  110.00 -602848.592553
76.64  110.00 -602847.234986
77.07  110.00 -602849.440635
79.01  110.00 -602846.965028
79.50  110.00 -602850.241015
82.71  110.00 -602847.027950
82.95  110.00 -602850.952633
87.26  110.00 -602851.573364
87.66  110.00 -602847.393200
92.11  110.00 -602852.068502
93.71  110.00 -602847.993488
97.12  110.00 -602852.297870
100.73 110.00 -602848.713577
102.12 110.00 -602852.079234
107.12 110.00 -602851.293541
108.46 110.00 -602849.413363
112.30 110.00 -602849.950543
116.60 110.00 -602849.999860
117.82 110.00 -602848.182332
123.73 110.00 -602846.262534
124.69 110.00 -602850.442511
130.06 110.00 -602844.639826
132.21 110.00 -602850.718798
136.57 110.00 -602843.873894
138.87 110.00 -602850.796808
142.90 110.00 -602844.244778
144.60 110.00 -602850.681321
148.78 110.00 -602845.613483
149.45 110.00 -602850.451533
153.44 110.00 -602850.210412
153.56 110.00 -602847.306129
156.40 110.00 -602850.021250
156.76 110.00 -602848.653650
158.08 110.00 -602849.826925
158.27 110.00 -602849.453456
75.63  120.00 -602847.044292
75.74  120.00 -602847.805133
76.74  120.00 -602846.551561
76.99  120.00 -602848.761890
79.12  120.00 -602846.364102
79.35  120.00 -602849.811703
82.77  120.00 -602850.860700
82.82  120.00 -602846.491449
87.04  120.00 -602851.828770
87.76  120.00 -602846.912277
91.78  120.00 -602852.598313
93.80  120.00 -602847.556708
96.65  120.00 -602852.977983
100.80 120.00 -602848.282898
101.56 120.00 -602852.802674
106.63 120.00 -602852.003744
108.51 120.00 -602848.935468
112.00 120.00 -602850.653815
116.64 120.00 -602849.438734
117.84 120.00 -602848.973249
124.17 120.00 -602847.326531
124.72 120.00 -602849.797638
130.88 120.00 -602846.165888
132.27 120.00 -602850.022401
137.65 120.00 -602845.872523
138.95 120.00 -602850.100795
144.11 120.00 -602846.510467
144.69 120.00 -602850.039869
149.56 120.00 -602849.907831
149.87 120.00 -602847.777064
153.61 120.00 -602849.805214
154.43 120.00 -602849.043888
156.75 120.00 -602849.832769
157.55 120.00 -602849.838531
158.66 120.00 -602849.986830
158.98 120.00 -602850.083727
75.74  130.00 -602846.680332
75.82  130.00 -602847.410322
76.85  130.00 -602846.221525
77.05  130.00 -602848.372791
79.23  130.00 -602846.064844
79.39  130.00 -602849.503585
82.75  130.00 -602850.710287
82.92  130.00 -602846.228847
86.82  130.00 -602851.841422
87.86  130.00 -602846.681354
91.30  130.00 -602852.689719
93.88  130.00 -602847.307121
95.97  130.00 -602853.050088
100.82 130.00 -602852.794717
100.86 130.00 -602847.936016
105.97 130.00 -602851.926803
108.55 130.00 -602848.438888
111.59 130.00 -602850.609856
116.66 130.00 -602848.787290
117.77 130.00 -602849.126692
124.47 130.00 -602847.850703
124.74 130.00 -602849.020223
131.48 130.00 -602847.134735
132.29 130.00 -602849.171078
138.42 130.00 -602847.187710
139.00 130.00 -602849.241513
144.77 130.00 -602849.244529
144.91 130.00 -602847.946460
149.65 130.00 -602849.239680
150.55 130.00 -602849.051949
153.69 130.00 -602849.313917
154.97 130.00 -602849.971708
156.84 130.00 -602849.542578
157.93 130.00 -602850.375132
158.81 130.00 -602849.917653
159.24 130.00 -602850.282159
75.86  140.00 -602846.703634
75.98  140.00 -602847.450065
76.96  140.00 -602846.234744
77.23  140.00 -602848.434630
79.34  140.00 -602846.082188
79.57  140.00 -602849.603171
82.78  140.00 -602850.840883
83.02  140.00 -602846.247294
86.53  140.00 -602851.925554
87.94  140.00 -602846.643018
90.69  140.00 -602852.619648
93.95  140.00 -602847.117028
95.16  140.00 -602852.758100
99.97  140.00 -602852.284307
100.92 140.00 -602847.541251
105.24 140.00 -602851.304464
108.60 140.00 -602847.847274
111.11 140.00 -602850.049264
116.72 140.00 -602848.035351
117.58 140.00 -602848.823089
124.55 140.00 -602847.939691
124.80 140.00 -602848.156324
131.76 140.00 -602847.626028
132.34 140.00 -602848.238685
138.81 140.00 -602847.963587
139.04 140.00 -602848.286472
144.82 140.00 -602848.325943
145.30 140.00 -602848.811552
149.71 140.00 -602848.433055
150.85 140.00 -602849.806919
153.76 140.00 -602848.697348
155.14 140.00 -602850.511855
156.90 140.00 -602849.161518
158.01 140.00 -602850.689105
158.82 140.00 -602849.786576
159.24 140.00 -602850.376019
76.02  150.00 -602847.080175
76.19  150.00 -602847.879008
77.09  150.00 -602846.573856
77.49  150.00 -602848.925369
79.45  150.00 -602846.379566
79.76  150.00 -602850.133022
82.69  150.00 -602851.313278
83.11  150.00 -602846.446871
86.07  150.00 -602852.195610
88.02  150.00 -602846.651575
89.86  150.00 -602852.562910
94.04  150.00 -602846.898326
94.11  150.00 -602852.318126
98.92  150.00 -602851.517454
101.02 150.00 -602847.131228
104.36 150.00 -602850.335054
108.73 150.00 -602847.319713
110.51 150.00 -602849.075157
116.84 150.00 -602847.451650
117.26 150.00 -602848.039864
124.47 150.00 -602847.496738
124.90 150.00 -602847.542337
131.82 150.00 -602847.566015
132.43 150.00 -602847.590109
138.92 150.00 -602848.225499
139.10 150.00 -602847.593192
144.87 150.00 -602847.599903
145.39 150.00 -602849.249823
149.76 150.00 -602847.717650
150.86 150.00 -602850.269234
153.82 150.00 -602848.072742
155.09 150.00 -602850.897473
156.93 150.00 -602848.718374
157.93 150.00 -602850.939037
158.84 150.00 -602849.585098
159.22 150.00 -602850.428077
76.23  160.00 -602847.742609
76.44  160.00 -602848.628019
77.24  160.00 -602847.140873
77.71  160.00 -602849.745119
79.57  160.00 -602846.813753
79.76  160.00 -602850.935367
82.29  160.00 -602851.934555
83.23  160.00 -602846.682784
85.23  160.00 -602852.476039
88.15  160.00 -602846.675198
88.64  160.00 -602852.401664
92.69  160.00 -602851.694634
94.20  160.00 -602846.785055
97.52  160.00 -602850.501001
101.21 160.00 -602847.001549
103.22 160.00 -602849.081640
108.93 160.00 -602847.261731
109.67 160.00 -602847.738928
116.73 160.00 -602846.781051
117.04 160.00 -602847.498136
124.20 160.00 -602846.459932
125.07 160.00 -602847.666893
131.72 160.00 -602846.851055
132.55 160.00 -602847.732224
138.90 160.00 -602847.866315
139.18 160.00 -602847.680824
144.91 160.00 -602847.574761
145.35 160.00 -602849.170258
149.79 160.00 -602847.566344
150.74 160.00 -602850.332966
153.86 160.00 -602847.833654
154.93 160.00 -602851.005890
156.98 160.00 -602848.475432
157.80 160.00 -602850.988581
158.82 160.00 -602849.411246
159.10 160.00 -602850.370438
76.47  170.00 -602848.516183
76.67  170.00 -602849.528363
77.45  170.00 -602847.756600
77.75  170.00 -602850.680843
79.45  170.00 -602851.745458
79.74  170.00 -602847.247864
81.54  170.00 -602852.441018
83.40  170.00 -602846.954809
84.04  170.00 -602852.547666
87.10  170.00 -602851.968496
88.34  170.00 -602846.886306
90.95  170.00 -602850.762361
94.42  170.00 -602847.066862
95.85  170.00 -602849.152156
101.46 170.00 -602847.464197
101.79 170.00 -602847.457763
108.62 170.00 -602846.014729
109.16 170.00 -602847.944595
116.04 170.00 -602845.101037
117.25 170.00 -602848.382801
123.77 170.00 -602844.931176
125.25 170.00 -602848.698791
131.48 170.00 -602845.570740
132.68 170.00 -602848.833181
138.77 170.00 -602846.894244
139.26 170.00 -602848.758522
144.96 170.00 -602848.536300
145.20 170.00 -602848.489489
149.82 170.00 -602848.335719
150.54 170.00 -602849.882609
153.88 170.00 -602848.372635
154.68 170.00 -602850.696505
156.96 170.00 -602848.786479
157.52 170.00 -602850.801966
158.73 170.00 -602849.527033
158.92 170.00 -602850.315411
76.70  180.00 -602849.211031
76.75  180.00 -602850.318437
77.60  180.00 -602851.446417
77.70  180.00 -602848.306164
78.95  180.00 -602852.324025
79.98  180.00 -602847.684013
80.69  180.00 -602852.692315
82.83  180.00 -602852.378571
83.63  180.00 -602847.375132
85.60  180.00 -602851.332251
88.58  180.00 -602847.413663
89.22  180.00 -602849.626028
94.02  180.00 -602847.536495
94.66  180.00 -602847.807017
100.13 180.00 -602845.475204
101.68 180.00 -602848.446235
107.36 180.00 -602843.861385
109.37 180.00 -602849.155203
115.24 180.00 -602842.985614
117.45 180.00 -602849.785584
123.30 180.00 -602842.983990
125.41 180.00 -602850.249432
131.22 180.00 -602843.863702
132.81 180.00 -602850.478945
138.57 180.00 -602845.453320
139.37 180.00 -602850.431484
145.00 180.00 -602847.329670
145.04 180.00 -602850.158863
149.87 180.00 -602849.814444
150.30 180.00 -602848.992635
153.87 180.00 -602849.609145
154.39 180.00 -602850.084604
156.86 180.00 -602849.692739
157.20 180.00 -602850.511379
158.51 180.00 -602850.031199
158.62 180.00 -602850.404682
76.75  190.00 -602850.849963
76.84  190.00 -602849.738981
77.39  190.00 -602851.890808
77.93  190.00 -602848.794952
78.50  190.00 -602852.581497
79.99  190.00 -602852.685562
80.22  190.00 -602848.173022
81.92  190.00 -602852.061978
83.85  190.00 -602847.953640
84.45  190.00 -602850.670399
87.81  190.00 -602848.574642
88.78  190.00 -602848.159567
92.31  190.00 -602846.020200
94.83  190.00 -602848.742262
98.30  190.00 -602843.459619
101.83 190.00 -602849.558068
105.82 190.00 -602841.470134
109.53 190.00 -602850.414420
114.26 190.00 -602840.495035
117.61 190.00 -602851.170526
122.81 190.00 -602840.636929
125.59 190.00 -602851.744916
130.98 190.00 -602841.774134
132.98 190.00 -602852.068180
138.41 190.00 -602843.665225
139.53 190.00 -602852.090731
144.81 190.00 -602845.839289
145.17 190.00 -602851.839077
149.94 190.00 -602851.444590
150.03 190.00 -602847.827496
153.82 190.00 -602851.064703
154.02 190.00 -602849.292256
156.64 190.00 -602850.828538
156.78 190.00 -602850.169092
158.16 190.00 -602850.717594
158.19 190.00 -602850.573440
76.71  200.00 -602851.101863
76.90  200.00 -602850.082029
77.24  200.00 -602852.018250
78.06  200.00 -602849.208397
78.22  200.00 -602852.547317
79.59  200.00 -602852.474398
80.37  200.00 -602848.663891
81.40  200.00 -602851.673932
83.78  200.00 -602850.097186
83.98  200.00 -602848.553703
86.90  200.00 -602847.785055
88.89  200.00 -602848.890877
91.06  200.00 -602844.939870
94.92  200.00 -602849.589591
96.57  200.00 -602841.949304
101.93 200.00 -602850.491000
103.79 200.00 -602839.397027
109.65 200.00 -602851.410245
112.66 200.00 -602837.983335
117.78 200.00 -602852.229299
121.94 200.00 -602838.061252
125.78 200.00 -602852.874377
130.62 200.00 -602839.415034
133.20 200.00 -602853.279852
138.20 200.00 -602841.614653
139.73 200.00 -602853.388743
144.56 200.00 -602844.125543
145.33 200.00 -602853.205422
149.67 200.00 -602846.473422
150.01 200.00 -602852.818539
153.53 200.00 -602848.355176
153.72 200.00 -602852.342404
156.18 200.00 -602849.716505
156.31 200.00 -602851.847351
157.58 200.00 -602850.655018
157.63 200.00 -602851.318602
76.69  210.00 -602851.045300
76.87  210.00 -602850.177155
77.24  210.00 -602851.825222
78.04  210.00 -602849.448202
78.25  210.00 -602852.249138
79.61  210.00 -602852.108908
80.37  210.00 -602849.033780
81.38  210.00 -602851.265429
83.67  210.00 -602849.651344
83.99  210.00 -602849.035764
86.63  210.00 -602847.276983
88.89  210.00 -602849.455706
90.46  210.00 -602844.312361
94.93  210.00 -602850.202611
95.42  210.00 -602841.109146
101.84 210.00 -602838.164017
101.96 210.00 -602851.123209
109.74 210.00 -602852.053957
110.15 210.00 -602836.145869
117.93 210.00 -602852.894156
120.05 210.00 -602835.742587
125.99 210.00 -602853.587484
129.64 210.00 -602837.063740
133.43 210.00 -602854.066672
137.66 210.00 -602839.506994
139.96 210.00 -602854.263162
144.06 210.00 -602842.337043
145.49 210.00 -602854.167268
149.08 210.00 -602845.048462
150.02 210.00 -602853.821125
152.81 210.00 -602847.353724
153.55 210.00 -602853.299784
155.38 210.00 -602849.197462
155.90 210.00 -602852.625530
156.80 210.00 -602850.645104
156.99 210.00 -602851.762132
76.71  220.00 -602850.634166
76.81  220.00 -602849.960578
77.41  220.00 -602851.271891
77.93  220.00 -602849.427776
78.60  220.00 -602851.651743
80.11  220.00 -602851.559514
80.24  220.00 -602849.181767
81.96  220.00 -602850.825980
83.86  220.00 -602849.304607
84.24  220.00 -602849.334286
87.08  220.00 -602847.056883
88.78  220.00 -602849.790440
90.64  220.00 -602844.124999
94.85  220.00 -602850.556083
95.14  220.00 -602840.857468
100.81 220.00 -602837.735638
101.92 220.00 -602851.465682
108.01 220.00 -602835.374300
109.75 220.00 -602852.380264
116.98 220.00 -602834.398953
118.01 220.00 -602853.220302
126.14 220.00 -602853.944890
127.15 220.00 -602835.251431
133.61 220.00 -602854.488628
136.17 220.00 -602837.688938
140.13 220.00 -602854.772834
142.98 220.00 -602840.760783
145.60 220.00 -602854.767396
148.05 220.00 -602843.811953
150.01 220.00 -602854.487458
151.79 220.00 -602846.526658
153.35 220.00 -602853.974128
154.42 220.00 -602848.814344
155.49 220.00 -602853.203854
155.95 220.00 -602850.671570
156.34 220.00 -602852.125802
76.67  230.00 -602849.462433
76.72  230.00 -602849.908383
77.65  230.00 -602850.377614
77.70  230.00 -602849.156657
79.16  230.00 -602850.742877
80.00  230.00 -602849.093856
81.01  230.00 -602850.792773
83.10  230.00 -602850.307570
83.65  230.00 -602849.334903
85.53  230.00 -602849.112958
88.40  230.00 -602847.117127
88.59  230.00 -602849.873317
91.83  230.00 -602844.391796
94.69  230.00 -602850.640482
95.97  230.00 -602841.192133
101.01 230.00 -602837.990517
101.79 230.00 -602851.523773
107.27 230.00 -602835.430309
109.66 230.00 -602852.404791
114.99 230.00 -602834.145336
117.95 230.00 -602853.219744
124.05 230.00 -602834.537343
126.15 230.00 -602853.943089
133.39 230.00 -602836.635807
133.69 230.00 -602854.521597
140.23 230.00 -602854.875505
141.02 230.00 -602839.751864
145.69 230.00 -602854.964265
146.55 230.00 -602843.053784
150.05 230.00 -602854.782682
150.58 230.00 -602846.091823
153.28 230.00 -602854.341156
153.46 230.00 -602848.695855
155.22 230.00 -602853.587893
155.24 230.00 -602850.813241
155.86 230.00 -602852.433680
76.41  240.00 -602848.841633
76.61  240.00 -602849.052655
77.41  240.00 -602848.740759
77.79  240.00 -602849.326100
79.69  240.00 -602849.630797
79.74  240.00 -602848.823504
82.02  240.00 -602849.830805
83.42  240.00 -602849.146508
84.56  240.00 -602849.673866
87.33  240.00 -602848.914766
88.39  240.00 -602849.712008
90.44  240.00 -602847.390804
93.97  240.00 -602845.098016
94.51  240.00 -602850.468884
98.05  240.00 -602842.213081
101.63 240.00 -602851.321695
102.69 240.00 -602839.081123
108.12 240.00 -602836.319314
109.49 240.00 -602852.163695
114.73 240.00 -602834.701598
117.79 240.00 -602852.934467
122.61 240.00 -602834.743624
126.02 240.00 -602853.614765
131.14 240.00 -602836.493291
133.62 240.00 -602854.169881
138.96 240.00 -602839.444942
140.25 240.00 -602854.541157
145.09 240.00 -602842.823188
145.78 240.00 -602854.695889
149.56 240.00 -602846.021772
150.17 240.00 -602854.623452
152.79 240.00 -602848.769139
153.38 240.00 -602854.314639
154.85 240.00 -602850.968504
155.24 240.00 -602853.681619
155.71 240.00 -602852.596169
76.13  250.00 -602848.243467
76.36  250.00 -602848.303603
77.16  250.00 -602848.246954
77.71  250.00 -602848.401750
79.53  250.00 -602848.395185
79.95  250.00 -602848.581996
82.79  250.00 -602848.832496
83.24  250.00 -602848.751846
85.92  250.00 -602848.966209
88.24  250.00 -602849.326179
89.21  250.00 -602848.678877
92.72  250.00 -602847.729439
94.37  250.00 -602850.077027
96.56  250.00 -602846.041959
100.83 250.00 -602843.713801
101.49 250.00 -602850.916896
105.55 250.00 -602840.993211
109.34 250.00 -602851.739751
110.68 250.00 -602838.301193
116.34 250.00 -602836.321046
117.62 250.00 -602852.477318
123.01 250.00 -602835.821095
125.81 250.00 -602853.101542
130.58 250.00 -602837.103994
133.43 250.00 -602853.582734
138.04 250.00 -602839.742002
140.14 250.00 -602853.891882
144.34 250.00 -602842.999663
145.80 250.00 -602854.036352
149.16 250.00 -602846.180190
150.33 250.00 -602854.029918
152.69 250.00 -602848.903421
153.67 250.00 -602853.865729
155.00 250.00 -602851.034289
155.59 250.00 -602853.422960
156.01 250.00 -602852.524674
75.93  260.00 -602847.631561
76.12  260.00 -602847.695185
77.00  260.00 -602847.629647
77.48  260.00 -602847.760941
79.40  260.00 -602847.784416
79.88  260.00 -602847.865321
83.11  260.00 -602848.083774
83.14  260.00 -602848.156131
86.82  260.00 -602848.358725
88.15  260.00 -602848.750153
90.70  260.00 -602848.443707
94.29  260.00 -602849.524705
94.70  260.00 -602848.033961
98.86  260.00 -602846.966867
101.41 260.00 -602850.388830
103.35 260.00 -602845.264293
108.20 260.00 -602843.103262
109.25 260.00 -602851.228819
113.48 260.00 -602840.812634
117.49 260.00 -602851.964485
119.12 260.00 -602838.900725
125.14 260.00 -602837.997601
125.64 260.00 -602852.554309
131.73 260.00 -602838.651130
133.20 260.00 -602852.958637
138.58 260.00 -602840.752795
139.91 260.00 -602853.156882
144.73 260.00 -602843.656092
145.68 260.00 -602853.199075
149.66 260.00 -602846.611705
150.40 260.00 -602853.163224
153.33 260.00 -602849.137079
153.99 260.00 -602853.088927
155.75 260.00 -602851.028965
156.17 260.00 -602852.855971
156.75 260.00 -602852.238970
75.82  270.00 -602846.889882
75.95  270.00 -602847.055804
76.93  270.00 -602846.841385
77.27  270.00 -602847.246811
79.35  270.00 -602846.999355
79.68  270.00 -602847.440968
83.07  270.00 -602847.697667
83.10  270.00 -602847.407079
87.12  270.00 -602848.034867
88.13  270.00 -602848.056789
91.49  270.00 -602848.316388
94.28  270.00 -602848.897326
95.96  270.00 -602848.281116
100.47 270.00 -602847.704367
101.39 270.00 -602849.825964
105.14 270.00 -602846.527984
109.22 270.00 -602850.716353
110.11 270.00 -602844.855777
115.53 270.00 -602842.975329
117.44 270.00 -602851.477079
121.39 270.00 -602841.341877
125.54 270.00 -602852.058241
127.59 270.00 -602840.496481
133.04 270.00 -602852.412180
133.98 270.00 -602840.868075
139.69 270.00 -602852.511661
140.35 270.00 -602842.470826
145.45 270.00 -602852.416246
146.19 270.00 -602844.879014
150.33 270.00 -602852.259117
151.01 270.00 -602847.400755
154.18 270.00 -602852.161859
154.64 270.00 -602849.514406
156.75 270.00 -602852.082185
156.94 270.00 -602850.983010
157.70 270.00 -602851.784380
75.78  280.00 -602845.995611
75.86  280.00 -602846.266576
76.92  280.00 -602845.921319
77.12  280.00 -602846.636859
79.36  280.00 -602846.112429
79.49  280.00 -602847.031719
82.90  280.00 -602847.448388
83.13  280.00 -602846.591024
87.10  280.00 -602847.902702
88.16  280.00 -602847.333088
91.72  280.00 -602848.312781
94.32  280.00 -602848.274519
96.52  280.00 -602848.487711
101.32 280.00 -602848.214311
101.42 280.00 -602849.296614
106.21 280.00 -602847.379414
109.23 280.00 -602850.258272
111.35 280.00 -602846.039048
116.94 280.00 -602844.449003
117.42 280.00 -602851.058352
123.05 280.00 -602843.073222
125.48 280.00 -602851.644125
129.52 280.00 -602842.413114
132.94 280.00 -602851.968587
136.07 280.00 -602842.803753
139.53 280.00 -602852.001628
142.39 280.00 -602844.202676
145.23 280.00 -602851.797308
148.07 280.00 -602846.223807
150.12 280.00 -602851.499271
152.72 280.00 -602848.260927
154.15 280.00 -602851.285183
156.15 280.00 -602849.847350
157.09 280.00 -602851.229034
158.18 280.00 -602850.799817
158.51 280.00 -602851.172045
75.80  290.00 -602845.003576
75.85  290.00 -602845.334849
76.97  290.00 -602844.938024
77.05  290.00 -602845.846594
79.37  290.00 -602846.444752
79.42  290.00 -602845.190870
82.76  290.00 -602847.076087
83.20  290.00 -602845.763837
87.01  290.00 -602847.716245
88.24  290.00 -602846.620477
91.75  290.00 -602848.288550
94.39  290.00 -602847.683731
96.68  290.00 -602848.621972
101.48 290.00 -602848.816203
101.63 290.00 -602848.510434
106.67 290.00 -602847.838329
109.26 290.00 -602849.859764
112.03 290.00 -602846.657832
117.42 290.00 -602850.703867
117.86 290.00 -602845.229205
124.25 290.00 -602844.031569
125.46 290.00 -602851.297244
130.96 290.00 -602843.522908
132.89 290.00 -602851.601430
137.69 290.00 -602843.990307
139.44 290.00 -602851.591606
144.06 290.00 -602845.319819
145.08 290.00 -602851.318313
149.66 290.00 -602847.086508
149.90 290.00 -602850.912388
153.97 290.00 -602850.572567
154.14 290.00 -602848.717588
157.11 290.00 -602850.432609
157.36 290.00 -602849.837942
158.91 290.00 -602850.450965
159.01 290.00 -602850.360966
75.87  300.00 -602843.958199
75.90  300.00 -602844.309521
77.05  300.00 -602843.926242
77.08  300.00 -602844.904055
79.37  300.00 -602845.649403
79.51  300.00 -602844.253218
82.74  300.00 -602846.473062
83.30  300.00 -602844.931718
86.97  300.00 -602847.317761
88.34  300.00 -602845.916571
91.71  300.00 -602848.074324
94.47  300.00 -602847.115009
96.59  300.00 -602848.537442
101.53 300.00 -602848.499416
101.54 300.00 -602848.363674
106.67 300.00 -602847.879451
109.29 300.00 -602849.482612
112.23 300.00 -602846.767258
117.43 300.00 -602850.356297
118.36 300.00 -602845.453990
125.01 300.00 -602844.366800
125.44 300.00 -602850.945657
131.97 300.00 -602843.940823
132.86 300.00 -602851.230269
138.86 300.00 -602844.424245
139.40 300.00 -602851.196469
145.01 300.00 -602850.892463
145.28 300.00 -602845.695719
149.78 300.00 -602850.438377
150.77 300.00 -602847.265230
153.78 300.00 -602850.007987
155.06 300.00 -602848.601354
156.96 300.00 -602849.758973
158.01 300.00 -602849.410221
158.95 300.00 -602849.719523
159.35 300.00 -602849.705138
75.96  310.00 -602842.920747
76.00  310.00 -602843.263036
77.13  310.00 -602842.937978
77.19  310.00 -602843.898010
79.48  310.00 -602844.740707
79.60  310.00 -602843.347527
82.80  310.00 -602845.713681
83.40  310.00 -602844.140077
86.92  310.00 -602846.718015
88.43  310.00 -602845.261146
91.48  310.00 -602847.589194
94.55  310.00 -602846.587411
96.22  310.00 -602848.091911
101.11 310.00 -602848.043558
101.59 310.00 -602847.917238
106.34 310.00 -602847.423172
109.31 310.00 -602849.058666
112.10 310.00 -602846.385963
117.43 310.00 -602849.914532
118.46 310.00 -602845.217790
125.36 310.00 -602844.300087
125.44 310.00 -602850.472816
132.50 310.00 -602843.953148
132.87 310.00 -602850.734240
139.40 310.00 -602850.695931
139.53 310.00 -602844.415216
145.00 310.00 -602850.403310
145.96 310.00 -602845.579738
149.74 310.00 -602849.962450
151.38 310.00 -602846.984008
153.69 310.00 -602849.519332
155.52 310.00 -602848.131468
156.84 310.00 -602849.211047
158.25 310.00 -602848.787359
158.86 310.00 -602849.085864
159.39 310.00 -602849.028022
76.03  320.00 -602842.032022
76.09  320.00 -602842.346429
77.21  320.00 -602842.106784
77.30  320.00 -602842.995908
79.59  320.00 -602843.908475
79.68  320.00 -602842.600781
82.80  320.00 -602844.987101
83.47  320.00 -602843.502808
86.67  320.00 -602846.068644
88.49  320.00 -602844.728076
90.96  320.00 -602846.941140
94.58  320.00 -602846.106477
95.53  320.00 -602847.386403
100.38 320.00 -602847.256271
101.60 320.00 -602847.418124
105.73 320.00 -602846.605713
109.32 320.00 -602848.500210
111.70 320.00 -602845.639027
117.43 320.00 -602849.290792
118.31 320.00 -602844.654058
125.39 320.00 -602843.975130
125.45 320.00 -602849.799805
132.68 320.00 -602843.842420
132.89 320.00 -602850.040298
139.44 320.00 -602850.017018
139.78 320.00 -602844.381911
145.06 320.00 -602849.766201
146.20 320.00 -602845.469962
149.79 320.00 -602849.392103
151.59 320.00 -602846.739624
153.73 320.00 -602849.022219
155.67 320.00 -602847.754152
156.83 320.00 -602848.757042
158.32 320.00 -602848.329481
158.84 320.00 -602848.634514
159.40 320.00 -602848.559091
76.05  330.00 -602841.434707
76.11  330.00 -602841.728337
77.21  330.00 -602841.552521
77.30  330.00 -602842.389902
79.47  330.00 -602843.343945
79.69  330.00 -602842.103749
82.39  330.00 -602844.443685
83.48  330.00 -602843.057859
85.87  330.00 -602845.466628
88.48  330.00 -602844.286630
89.85  330.00 -602846.199597
94.29  330.00 -602846.476530
94.57  330.00 -602845.595743
99.23  330.00 -602846.244925
101.59 330.00 -602846.801024
104.81 330.00 -602845.589347
109.32 330.00 -602847.782598
111.04 330.00 -602844.717245
117.44 330.00 -602848.499452
117.89 330.00 -602843.922789
125.19 330.00 -602843.515654
125.48 330.00 -602848.967824
132.63 330.00 -602843.697076
132.94 330.00 -602849.201127
139.52 330.00 -602849.201694
139.76 330.00 -602844.482165
145.15 330.00 -602849.013305
146.18 330.00 -602845.665720
149.91 330.00 -602848.731174
151.56 330.00 -602846.893505
153.87 330.00 -602848.483058
155.66 330.00 -602847.817744
156.95 330.00 -602848.359572
158.36 330.00 -602848.304947
158.94 330.00 -602848.379733
159.47 330.00 -602848.429032
75.93  340.00 -602841.140426
75.93  340.00 -602841.444748
76.93  340.00 -602842.104191
77.13  340.00 -602841.252961
78.70  340.00 -602842.979856
79.61  340.00 -602841.795339
81.15  340.00 -602843.880111
83.40  340.00 -602842.707556
84.27  340.00 -602844.616586
88.06  340.00 -602845.045412
88.41  340.00 -602843.836942
92.56  340.00 -602845.092685
94.50  340.00 -602845.013727
97.77  340.00 -602844.762455
101.54 340.00 -602846.099051
103.70 340.00 -602844.156868
109.29 340.00 -602846.995693
110.28 340.00 -602843.453627
117.42 340.00 -602842.917519
117.44 340.00 -602847.666598
124.93 340.00 -602842.842954
125.51 340.00 -602848.123608
132.50 340.00 -602843.398326
133.00 340.00 -602848.374167
139.61 340.00 -602848.416954
139.69 340.00 -602844.558071
145.28 340.00 -602848.292420
146.08 340.00 -602846.003059
150.07 340.00 -602848.113971
151.42 340.00 -602847.346405
154.05 340.00 -602848.005054
155.56 340.00 -602848.271514
157.15 340.00 -602848.077028
158.33 340.00 -602848.659925
159.10 340.00 -602848.327264
159.54 340.00 -602848.605746
75.41  350.00 -602841.357023
75.64  350.00 -602841.048419
75.96  350.00 -602841.888518
76.93  350.00 -602841.108604
77.22  350.00 -602842.456496
79.25  350.00 -602842.914180
79.44  350.00 -602841.576871
82.11  350.00 -602843.172345
83.25  350.00 -602842.383150
85.91  350.00 -602843.190181
88.27  350.00 -602843.384701
90.65  350.00 -602842.966254
94.38  350.00 -602844.443005
96.29  350.00 -602842.553848
101.45 350.00 -602845.443650
102.70 350.00 -602842.035641
109.23 350.00 -602846.298075
109.70 350.00 -602841.554125
117.14 350.00 -602841.328233
117.42 350.00 -602846.963186
124.84 350.00 -602841.632405
125.53 350.00 -602847.445700
132.51 350.00 -602842.619376
133.06 350.00 -602847.742668
139.70 350.00 -602847.848556
139.73 350.00 -602844.230464
145.41 350.00 -602847.807556
146.06 350.00 -602846.065174
150.23 350.00 -602847.729375
151.33 350.00 -602847.689841
154.24 350.00 -602847.776080
155.42 350.00 -602848.762449
157.33 350.00 -602848.052278
158.20 350.00 -602849.168751
159.19 350.00 -602848.534923
159.50 350.00 -602849.007220
